error_u_L2 error_S_u_H1_semi error_S_u_L2 error_D_u_L2 error_p_L2
solution_case = 1 , mu = 1
0.292759	 1.75222	 0.190809	 0.265509	 1.43372	 
0.13678	 0.921858	 0.049213	 0.132319	 0.773939	 
0.0663078	 0.464966	 0.0126847	 0.065682	 0.387678	
0.0328167	 0.232496	 0.00324717	 0.0327363	 0.191239	
0.0163642	 0.116186	 0.000824154	 0.0163541	 0.0947687	
solution_case = 1 , mu = 10^(-6) 
0.293963	 1.76391	 0.190231	 0.266699	 1.27095	 
0.136767	 0.921793	 0.0492225	 0.132309	 0.641943	 
0.0663077	 0.464965	 0.0126849	 0.0656819	 0.321447	 
0.0328167	 0.232496	 0.00324717	 0.0327363	 0.16077	
0.0163642	 0.116186	 0.000824154	 0.0163541	 0.0803907	  
solution_case = 3 , mu = 1
0.332983	 1.93516	 0.171851	 0.290794	 0.767853	 
0.151045	 1.01869	 0.05335	 0.144774	 0.634148	 
0.0733698	 0.510805	 0.0148375	 0.0725244	 0.292147	 
0.0363605	 0.254223	 0.00388121	 0.0362519	 0.130699	
0.0181365	 0.126736	 0.000999673	 0.0181227	 0.0618083	  
solution_case = 3 , mu = 10^(-6)
8.14778	 1.97347	 0.172576	 8.14587	 0.248844	 
0.209719	 1.01865	 0.0541696	 0.2052	 0.124945	 
0.0737541	 0.510751	 0.0149969	 0.0729086	 0.0625385	 
0.036361	 0.254229	 0.00392081	 0.0362519	 0.0312775	 
0.0181365	 0.126736	 0.000999674	 0.0181227	 0.0156398	 

solution_case = 1 , mu = 10^(-6) 
0.293963	 1.76391	 0.190231	 0.266699	 1.27095	 1.84374e-05	 
0.136767	 0.921793	 0.0492225	 0.132309	 0.641943	 1.16049e-07	 
0.0663077	 0.464965	 0.0126849	 0.0656819	 0.321447	 3.85686e-09	 
0.0328167	 0.232496	 0.00324717	 0.0327363	 0.16077	 1.22584e-10	 
0.0163642	 0.116186	 0.000824154	 0.0163541	 0.0803907	 4.48237e-12	 
solution_case = 1 , mu = 1
1	 0.292839	 1.75861	 0.192098	 0.265315	 1.44372	 1.84374e-05	 
2	 0.13678	 0.921858	 0.049213	 0.132319	 0.773939	 1.16049e-07	 
3	 0.0663078	 0.464966	 0.0126847	 0.065682	 0.387678	 3.86072e-09	 
4	 0.0328167	 0.232496	 0.00324717	 0.0327363	 0.191239	 1.18455e-10	 
5	 0.0163642	 0.116186	 0.000824154	 0.0163541	 0.0947687	 1.37713e-10	 
solution_case = 3 , mu = 1
1	 0.332606	 1.91026	 0.16718	 0.291086	 0.860625	 0.00111072	 
2	 0.151074	 1.01878	 0.0540333	 0.144746	 0.63057	 9.60444e-06	 
3	 0.0733682	 0.510752	 0.0149946	 0.0725183	 0.294199	 1.34686e-07	 
4	 0.0363601	 0.254229	 0.00392077	 0.0362509	 0.13107	 1.50222e-09	 
5	 0.0181365	 0.126736	 0.000999673	 0.0181227	 0.0618083	 1.27339e-10	 
solution_case = 3 , mu = 10^(-6)
1	 8.14778	 1.97347	 0.172576	 8.14587	 0.248844	 0.00111072	 
2	 0.209719	 1.01865	 0.0541696	 0.2052	 0.124945	 9.60444e-06	 
3	 0.0737541	 0.510751	 0.0149969	 0.0729086	 0.0625385	 1.34686e-07	 
4	 0.036361	 0.254229	 0.00392081	 0.0362519	 0.0312775	 1.50446e-09	 
5	 0.0181365	 0.126736	 0.000999674	 0.0181227	 0.0156398	 1.01657e-10	 

改交界面自由度后
solution_case = 1 , mu = 1
1	 0.292839	 1.75861	 0.192098	 0.265315	 1.44372	 1.84374e-05	 
2	 0.13678	 0.921858	 0.049213	 0.132319	 0.773939	 1.16049e-07	 
3	 0.0663078	 0.464966	 0.0126847	 0.065682	 0.387678	 3.85679e-09	 
4	 0.0328167	 0.232496	 0.00324717	 0.0327363	 0.191239	 1.24676e-10	 
5	 0.0163642	 0.116186	 0.000824154	 0.0163541	 0.0947687	 5.20586e-12	 
6	 0.00817663	 0.0580719	 0.000207774	 0.00817536	 0.0471551	 1.15006e-11	 
solution_case = 1 , mu = 10^(-6) 
1	 0.293963	 1.76391	 0.190231	 0.266699	 1.27095	 1.84374e-05	 
2	 0.136767	 0.921793	 0.0492225	 0.132309	 0.641943	 1.16049e-07	 
3	 0.0663077	 0.464965	 0.0126849	 0.0656819	 0.321447	 3.85677e-09	 
4	 0.0328167	 0.232496	 0.00324717	 0.0327363	 0.16077	 1.24606e-10	 
5	 0.0163642	 0.116186	 0.000824154	 0.0163541	 0.0803907	 5.0889e-12	 
6	 0.00817663	 0.0580719	 0.000207774	 0.00817536	 0.040196	 4.04799e-12	
solution_case = 3 , mu = 1
1	 0.332606	 1.91026	 0.16718	 0.291086	 0.860625	 0.00111072	 
2	 0.151074	 1.01878	 0.0540333	 0.144746	 0.63057	 9.60444e-06	 
3	 0.0733682	 0.510752	 0.0149946	 0.0725183	 0.294199	 1.34686e-07	 
4	 0.0363601	 0.254229	 0.00392077	 0.0362509	 0.13107	 1.50452e-09	 
5	 0.0181365	 0.126736	 0.000999673	 0.0181227	 0.0618083	 1.01713e-10	 
6	 0.00906269	 0.0632837	 0.000251893	 0.00906096	 0.0301972	 4.39979e-12	
solution_case = 3 , mu = 10^(-6)
1	 8.14778	 1.97347	 0.172576	 8.14587	 0.248844	 0.00111072	 
2	 0.209719	 1.01865	 0.0541696	 0.2052	 0.124945	 9.60444e-06	 
3	 0.0737541	 0.510751	 0.0149969	 0.0729086	 0.0625385	 1.34686e-07	 
4	 0.036361	 0.254229	 0.00392081	 0.0362519	 0.0312775	 1.50464e-09	 
5	 0.0181365	 0.126736	 0.000999674	 0.0181227	 0.0156398	 1.01798e-10	 
6	 0.00906269	 0.0632837	 0.000251893	 0.00906096	 0.00782001	 1.73867e-12	 
right:
1	 8.14778	 1.97347	 0.176332	 8.14587	 0.248844	 0.00111072	 1.03305	
2	 0.209719	 1.01865	 0.0433046	 0.2052	 0.124945	 9.60444e-06	 1.69601	
3	 0.0737541	 0.510751	 0.0111358	 0.0729086	 0.0625385	 1.34686e-07	 6.25622	
4	 0.036361	 0.254229	 0.00281529	 0.0362519	 0.0312775	 1.50464e-09	 24.3913	
5	 0.0181365	 0.126736	 0.000707016	 0.0181227	 0.0156398	 1.01798e-10	 101.901	


1	 0.71594	 2.51961	 0.485543	 0.526136	 1.27095	 1.84374e-05	 0.910613	
2	 0.240014	 1.29982	 0.154716	 0.183492	 0.641943	 1.16049e-07	 1.12754	
3	 0.0843878	 0.637496	 0.0430643	 0.0725725	 0.321447	 3.85674e-09	 4.05004	
4	 0.0349948	 0.294418	 0.0105102	 0.0333792	 0.16077	 1.24518e-10	 15.7515	
5	 0.0165894	 0.134772	 0.00248676	 0.016402	 0.0803907	 4.52459e-12	 65.56	
1	 0.293963	 1.76391	 0.123638	 0.266699	 1.27095	 1.84374e-05	 1.48024	
2	 0.136767	 0.921793	 0.0346353	 0.132309	 0.641943	 1.16049e-07	 1.73292	
3	 0.0663077	 0.464965	 0.00908873	 0.0656819	 0.321447	 3.85677e-09	 6.45805	
4	 0.0328167	 0.232496	 0.00229565	 0.0327363	 0.16077	 1.24606e-10	 25.8392	
5	 0.0163642	 0.116186	 0.000575113	 0.0163541	 0.0803907	 5.0889e-12	 104.387	
